135.60 28.10
160.00 58.50
150.70 46.50
150.10 37.00
147.80 35.60
161.40 62.50
155.40 36.20
153.20 37.20
158.50 52.90
146.30 37.10
154.50 39.20
153.80 44.00
153.70 48.70
139.10 31.20
161.70 67.30
163.30 53.10
153.60 35.10
150.60 33.10
157.10 49.00
160.50 48.50
144.90 36.70
153.10 46.00
156.00 42.50
152.50 41.30
138.20 28.80
146.40 53.70
164.30 63.40
158.00 56.10
154.40 42.20
146.10 32.50
144.20 32.90
153.80 44.10
156.80 47.10
147.90 42.00
140.40 39.50
142.00 29.90
150.00 44.30
154.80 39.90
148.10 35.80
157.80 66.20
150.00 33.50
146.60 38.20
165.80 42.90
151.80 39.40
156.10 37.90
163.30 50.30
156.10 41.70
148.50 38.00
158.00 47.80
148.00 36.00
159.30 41.30
160.90 39.10
159.00 44.40
139.80 33.70
147.50 34.90
158.70 43.50
157.30 53.10
150.30 59.00
153.20 53.70
147.20 36.10
142.40 35.00
152.90 32.50
153.40 46.30
149.90 35.60
156.90 35.40
150.20 37.50
157.50 36.50
153.50 46.50
167.50 53.70
164.80 44.60
149.60 35.00
163.00 50.60
151.10 43.80
161.20 71.40
155.50 43.70
157.90 55.50
160.60 49.10
144.20 40.40
157.10 43.40
151.70 50.70
160.50 67.70
154.60 38.20
168.30 67.50
142.50 35.90
148.80 37.00
157.80 58.20
148.70 39.60
149.10 39.40
162.90 60.00
147.50 32.10
150.90 43.70
167.60 52.70
152.20 39.20
148.50 43.60
145.70 35.40
143.40 40.80
144.00 42.90
156.50 61.30
170.70 95.00
153.60 40.90
143.00 39.20
170.80 55.30
154.10 44.20
155.80 43.00
152.80 39.50
157.60 47.90
140.00 28.10
159.20 41.20
143.00 37.70
158.40 56.20
156.00 42.10
156.40 36.50
158.00 56.70
146.70 41.20
160.10 48.90
159.00 44.80
157.30 36.00
154.10 42.60
143.20 27.70
161.70 50.90
166.60 53.80
163.00 46.90
150.60 49.60
159.20 43.50
163.70 69.40
176.90 62.90
153.60 34.30
157.10 39.80
155.90 43.80
151.50 34.90
157.30 38.80
141.50 30.50
